funding_round_type,raised_amount_usd,Total,Fraction,Average_Investment
angel,4659.255123,990125.085135,0.004705723744353702,0.9586944697530865
convertible_note,2103.125572,990125.085135,0.002124100887428023,1.4534385431928127
debt_financing,113884.840886,990125.085135,0.11502066011232533,17.043526023046994
equity_crowdfunding,661.116163,990125.085135,0.000667709739835406,0.5383682109120521
grant,9134.424145,990125.085135,0.009225525423138385,4.30057633945386
non_equity_assistance,30.017823,990125.085135,3.0317202796560982e-05,0.4112030547945206
post_ipo_debt,25643.094917,990125.085135,0.025898843794573346,168.70457182236842
post_ipo_equity,51610.606151,990125.085135,0.05212533944028201,82.1824938710191
private_equity,141925.436105,990125.085135,0.14334091544165753,73.30859302944215
product_crowdfunding,526.168593,990125.085135,0.00053141628355801,1.3631310699481867
secondary_market,2389.488903,990125.085135,0.0024133202348612364,79.6496301
seed,16989.864181,990125.085135,0.017159310915431956,0.7198179969071729
undisclosed,30441.429697,990125.085135,0.030745034293166527,19.242370225663716
venture,590126.216876,990125.085135,0.596011782486592,11.748949129489528
